1;136,00;1,00;11/3/2025 00:00:00;0,00;12,00;""
2;138,00;1,00;11/3/2025 00:00:00;0,00;43,00;""
3;140,00;1,00;11/3/2025 00:00:00;0,00;22,00;""
4;3,00;1,00;11/3/2025 00:00:00;0,00;50,00;""
5;114,00;1,00;11/3/2025 00:00:00;0,00;51,00;
6;143,00;1,00;13/3/2025 00:00:00;0,00;21,00;""
7;145,00;1,00;21/3/2025 00:00:00;0,00;54,00;""
8;40,00;1,00;1/4/2025 00:00:00;0,00;49,00;
9;190,00;1,00;9/4/2025 00:00:00;0,00;28,00;
10;190,00;2,00;15/2/2024 00:00:00;0,00;27,00;
11;188,00;1,00;11/4/2025 00:00:00;0,00;44,00;""
12;186,00;1,00;22/4/2025 00:00:00;0,00;18,00;
13;17,00;1,00;4/4/2024 00:00:00;0,00;31,00;
14;17,00;2,00;28/6/2024 00:00:00;0,00;32,00;
15;17,00;3,00;1/5/2025 00:00:00;0,00;32,00;
16;203,00;1,00;6/5/2025 00:00:00;0,00;23,00;""
17;202,00;1,00;6/5/2025 00:00:00;0,00;25,00;
18;205,00;1,00;8/5/2025 00:00:00;0,00;29,00;""
19;206,00;1,00;8/5/2025 00:00:00;0,00;22,00;
20;210,00;1,00;15/5/2025 00:00:00;0,00;16,00;""
21;220,00;1,00;29/5/2025 00:00:00;0,00;25,00;"PRESSĂO BAIXA"
22;123,00;1,00;16/8/2022 00:00:00;0,00;35,00;""
23;123,00;2,00;5/6/2024 00:00:00;0,00;35,00;
24;123,00;3,00;7/1/2025 00:00:00;0,00;36,00;
25;116,00;1,00;9/10/2024 00:00:00;0,00;20,00;
26;116,00;2,00;14/1/2025 00:00:00;0,00;21,00;
27;116,00;3,00;30/5/2025 00:00:00;0,00;21,00;
28;38,00;1,00;14/1/2025 00:00:00;0,00;13,00;
29;38,00;2,00;30/5/2025 00:00:00;0,00;13,00;
30;225,00;1,00;2/6/2025 00:00:00;0,00;29,00;"dores no nervo ciatico "
31;229,00;1,00;6/6/2025 00:00:00;0,00;51,00;
33;28,00;1,00;17/2/2025 00:00:00;0,00;26,00;
34;28,00;2,00;17/6/2025 00:00:00;0,00;26,00;
35;87,00;1,00;24/2/2025 00:00:00;0,00;47,00;"DORME MENOS POR NOITE; COME 3X AO DIA
COLUNA LOMBAR; JOELHOS COM DOR;
SEM PROBLEMAS GENECÓGICOS E URINÁRIOS
COLESTEROL ALTO, HIPOTIROIDISMO."
36;264,00;1,00;7/8/2025 00:00:00;0,00;19,00;""
37;263,00;1,00;7/8/2025 00:00:00;0,00;24,00;""
38;270,00;1,00;12/8/2025 00:00:00;0,00;33,00;
39;275,00;1,00;26/8/2025 00:00:00;0,00;22,00;"FUMA MACONHA
LESĂO NO OMBRO
"
40;282,00;1,00;10/9/2025 00:00:00;0,00;45,00;""
41;303,00;1,00;4/11/2025 00:00:00;0,00;27,00;
42;304,00;1,00;4/11/2025 00:00:00;0,00;28,00;
43;310,00;1,00;18/11/2025 00:00:00;0,00;46,00;"sem ossos quebrado, fumante que é fumante, alcool finais de semana.  artrite ombro (tipo ler)  "
44;317,00;1,00;20/11/2025 00:00:00;0,00;39,00;"GORDURA ALTA, PRESSĂO ALTA, NĂO PROBLEMA NA COLUNA, SEM PROBLEMAS GINECOLÓGICOS, SEM PROBLEMA URINÁRIOS. DORES NAS ARTICULAÇŐES. SEM ALERGIAS.
TRĘS REFEIÇŐES PRINCIPAIS E DOIS LANCHES.
DORME BEM.
LAQUEADA A MAIS DE 2 ANOS.

"
45;329,00;1,00;9/1/2026 00:00:00;0,00;31,00;""
46;328,00;1,00;9/1/2026 00:00:00;0,00;39,00;""
47;205,00;2,00;5/1/2026 00:00:00;0,00;29,00;
48;300,00;1,00;20/1/2026 00:00:00;0,00;53,00;
49;341,00;1,00;22/1/2026 00:00:00;0,00;34,00;""
50;345,00;1,00;3/2/2026 00:00:00;0,00;49,00;
51;349,00;1,00;9/2/2026 00:00:00;0,00;20,00;
52;350,00;1,00;9/2/2026 00:00:00;0,00;18,00;""
53;351,00;1,00;18/2/2026 00:00:00;0,00;27,00;""
54;222,00;1,00;18/2/2026 00:00:00;0,00;27,00;
55;246,00;1,00;23/2/2026 00:00:00;0,00;52,00;
56;356,00;1,00;4/3/2026 00:00:00;0,00;15,00;
57;244,00;1,00;5/3/2026 00:00:00;0,00;62,00;
58;379,00;1,00;7/5/2026 00:00:00;0,00;12,00;
59;322,00;1,00;8/5/2026 00:00:00;0,00;51,00;
60;385,00;1,00;21/5/2026 00:00:00;0,00;23,00;"SE ALIMENTA
BEBE, NĂO FUMA , SEM ALERGIAS"
62;359,00;1,00;1/6/2026 00:00:00;0,00;37,00;
63;360,00;1,00;1/6/2026 00:00:00;0,00;33,00;
64;271,00;1,00;24/6/2026 00:00:00;0,00;49,00;
65;116,00;4,00;30/6/2026 00:00:00;0,00;22,00;
66;394,00;1,00;30/6/2026 00:00:00;0,00;43,00;""
